Source,Company Name,"If in HubSpot, tagged as what sub industry?",Added to Hubspot? (Yes/No),Linkedin stated employee size,Linkedin actual employee size,Website Link
https://financialadvisers.co.uk/financial-planning/ayr/?pl_p=1&pl_m=40,WD Wealth Management Limited,-,Yes,2-10,8,wdwealth.co.uk
https://financialadvisers.co.uk/financial-planning/ayr/?pl_p=1&pl_m=40,Strathayr Financial Services LLP,-,Yes,2-10,3,strathayr.co.uk
https://financialadvisers.co.uk/financial-planning/ayr/?pl_p=1&pl_m=40,AB Vision Financial Ltd,-,Yes,,,abvision.co.uk
https://financialadvisers.co.uk/financial-planning/ayr/?pl_p=1&pl_m=40,Douglas Watson,,,,,
https://financialadvisers.co.uk/financial-planning/ayr/?pl_p=1&pl_m=40,James Sheldon Hall,-,Yes,,,goldenyearsmortgages.co.uk
https://financialadvisers.co.uk/financial-planning/ayr/?pl_p=1&pl_m=40,GKD Shepherds Ltd,-,Yes,,,gkdsifa.co.uk
https://financialadvisers.co.uk/financial-planning/ayr/?pl_p=1&pl_m=40,Alex Philp,,,,,
https://financialadvisers.co.uk/financial-planning/ayr/?pl_p=1&pl_m=40,Ken Nairn Limited,-,Yes,,3,kennairn.co.uk
https://financialadvisers.co.uk/financial-planning/ayr/?pl_p=1&pl_m=40,Lang Financial Scotland Limited,-,Yes,11-50,9,langfinancial.co.uk
https://financialadvisers.co.uk/financial-planning/ayr/?pl_p=1&pl_m=40,Mackintosh Beardsley Wealth Management Limited,,,,,
https://financialadvisers.co.uk/financial-planning/ayr/?pl_p=1&pl_m=40,Isabelle Cairns,I - IFA,No,"1,001-5,000",3514,partnership.sjp.co.uk/partner/isabellecairns
https://financialadvisers.co.uk/financial-planning/ayr/?pl_p=1&pl_m=40,Carrick IFC Ltd,-,Yes,,,carricklife.co.uk
https://financialadvisers.co.uk/financial-planning/ayr/?pl_p=1&pl_m=40,David Munro Financial Services Limited,-,Yes,,,davidmunrofinancialserviceslimited.co.uk
https://financialadvisers.co.uk/financial-planning/ayr/?pl_p=1&pl_m=40,Tanner Financial Advice Ltd,-,Yes,,,tannerfinancial.co.uk
https://financialadvisers.co.uk/financial-planning/ayr/?pl_p=1&pl_m=40,Syndaxi Financial Planning Ltd,-,Yes,2-10,3,syndaxi.co.uk
https://financialadvisers.co.uk/financial-planning/ayr/?pl_p=2&pl_m=40,Vivid Wealth Ltd,-,Yes,,,vividwealth.co.uk
https://financialadvisers.co.uk/financial-planning/ayr/?pl_p=2&pl_m=40,Juniper Financial Planning Ltd,-,Yes,2-10,4,juniperfp.co.uk
https://financialadvisers.co.uk/financial-planning/ayr/?pl_p=2&pl_m=40,Goldstone Wealth Management Ltd,-,Yes,,1,goldstonewealth.co.uk
https://financialadvisers.co.uk/financial-planning/ayr/?pl_p=2&pl_m=40,One50 Financial Planning Ltd,-,Yes,2-10,3,one50.co.uk
https://financialadvisers.co.uk/financial-planning/ayr/?pl_p=2&pl_m=40,Nineteen87 Financial Ltd,,,,,
https://financialadvisers.co.uk/financial-planning/ayr/?pl_p=2&pl_m=40,Dickson and Co Wealth Management Ltd,-,Yes,,,dicksonandcowealth.co.uk
https://financialadvisers.co.uk/financial-planning/ayr/?pl_p=2&pl_m=40,Paladin Financial Services Ltd,-,Yes,,,paladinfs.co.uk
https://financialadvisers.co.uk/financial-planning/ayr/?pl_p=2&pl_m=40,Steven Smith,I - IFA,No,"1,001-5,000",3514,partnership.sjp.co.uk/partner/stevensmithfp
https://financialadvisers.co.uk/financial-planning/ayr/?pl_p=2&pl_m=40,Ken Binnie Financial Limited,-,Yes,2-10,2,kenbinniefinancialltd.co.uk
https://financialadvisers.co.uk/financial-planning/ayr/?pl_p=2&pl_m=40,Pellegrini & Barlow Associates Ltd,-,Yes,2-10,2,pellegriniandbarlowassociates.co.uk
https://financialadvisers.co.uk/financial-planning/ayr/?pl_p=2&pl_m=40,Jane Ballantyne Limited,I - DFM without Centralised Research; I - IFA,No,"1,001-5,000",3514,sjpp.co.uk/janeballantyne
https://financialadvisers.co.uk/financial-planning/ayr/?pl_p=2&pl_m=40,Keith Marwick,I - DFM without Centralised Research; I - IFA,No,"1,001-5,000",3514,sjpp.co.uk/keithmarwick
https://financialadvisers.co.uk/financial-planning/ayr/?pl_p=2&pl_m=40,Newark Wealth Ltd,-,Yes,2-10,5,newarkwealth.co.uk
https://financialadvisers.co.uk/financial-planning/ayr/?pl_p=2&pl_m=40,Julie McIntosh Ltd,-,Yes,,,juliemcintosh.com
https://financialadvisers.co.uk/financial-planning/ayr/?pl_p=2&pl_m=40,Platinum Financial Partners Ltd,,,,,
https://financialadvisers.co.uk/financial-planning/ayr/?pl_p=3&pl_m=40,Ayrshire Financial Services Ltd,-,Yes,,1,afsltd.co.uk
https://financialadvisers.co.uk/financial-planning/ayr/?pl_p=3&pl_m=40,FSS Wealth & Pensions Ltd,-,Yes,,,fsswap.co.uk
https://financialadvisers.co.uk/financial-planning/ayr/?pl_p=3&pl_m=40,Resolute Financial Advisers LLP,-,Yes,,,resolutefa.co.uk
https://financialadvisers.co.uk/financial-planning/ayr/?pl_p=3&pl_m=40,JMC Financial Services Limited,-,Yes,,,jmcfs.com
https://financialadvisers.co.uk/financial-planning/ayr/?pl_p=3&pl_m=40,John Delaney Financial Planning Ltd,,,,,
https://financialadvisers.co.uk/financial-planning/ayr/?pl_p=3&pl_m=40,Moran Wealth Management Ltd,-,Yes,2-10,3,moranwealthmanagement.co.uk
https://financialadvisers.co.uk/financial-planning/ayr/?pl_p=3&pl_m=40,Olcote Lappin Financial Planning Ltd,-,Yes,,,olcotelappin.co.uk
https://financialadvisers.co.uk/financial-planning/ayr/?pl_p=3&pl_m=40,Karen Vorster,I - IFA,No,"1,001-5,000",3514,partnership.sjp.co.uk/partner/vorsterwealthmanagement
https://financialadvisers.co.uk/financial-planning/ayr/?pl_p=3&pl_m=40,Independent Financial Advice World Ltd,-,Yes,,,ifa-world.co.uk
https://financialadvisers.co.uk/financial-planning/ayr/?pl_p=3&pl_m=40,Handheld Investments Limited,-,Yes,,,handheldinvestments.com
https://financialadvisers.co.uk/financial-planning/ayr/?pl_p=3&pl_m=40,EK Mortgage Advice Ltd,-,Yes,2-10,7,fpoptions.co.uk
https://financialadvisers.co.uk/financial-planning/ayr/?pl_p=3&pl_m=40,Thomson Financial Consultancy,-,Yes,,,thomsonfc.co.uk
https://financialadvisers.co.uk/financial-planning/ayr/?pl_p=3&pl_m=40,Paul Simons,,,,,
https://financialadvisers.co.uk/financial-planning/ayr/?pl_p=3&pl_m=40,MX Independent Financial Services Ltd,-,Yes,11-50,1,mxfinancialservices.com
https://financialadvisers.co.uk/financial-planning/ayr/?pl_p=3&pl_m=40,Malcolm Gibson Wealth Management,-,Yes,,,malcolmgibsonwealthmanagement.co.uk
https://financialadvisers.co.uk/financial-planning/ayr/?pl_p=4&pl_m=40,R.L Stevenson Ltd,,,,,
https://financialadvisers.co.uk/financial-planning/ayr/?pl_p=4&pl_m=40,Maplewood Wealth Management Ltd.,-,Yes,,,maplewoodwealth.co.uk
https://financialadvisers.co.uk/financial-planning/ayr/?pl_p=4&pl_m=40,Whitebridge Financial Services Ltd,,,,,
https://financialadvisers.co.uk/financial-planning/ayr/?pl_p=4&pl_m=40,MJS Financial Ltd,-,Yes,,,mjsfinancialmanagement.co.uk
https://financialadvisers.co.uk/financial-planning/ayr/?pl_p=4&pl_m=40,Aldton Park Financial Services Ltd,I - IFA,No,201-500,323,2plan.com
https://financialadvisers.co.uk/financial-planning/ayr/?pl_p=4&pl_m=40,Pension & Investment Management Services,-,Yes,,2,pensionsandinvestments.co.uk
https://financialadvisers.co.uk/financial-planning/ayr/?pl_p=4&pl_m=40,Newlands Financial Planning,I - IFA,No,"5,001-10,000",2710,mandgwealth.com/newlandsfinancialplanning
https://financialadvisers.co.uk/financial-planning/ayr/?pl_p=4&pl_m=40,Kenneth MacPhie,-,Yes,,,amfs.co.uk
https://financialadvisers.co.uk/financial-planning/ayr/?pl_p=4&pl_m=40,AML Associates Financial Services Ltd,-,Yes,2-10,3,amlassociates.co.uk
https://financialadvisers.co.uk/financial-planning/ayr/?pl_p=4&pl_m=40,Phoenix Wealth Solutions Limited,-,Yes,2-10,8,phoenixwealthsolutions.com
https://financialadvisers.co.uk/financial-planning/ayr/?pl_p=4&pl_m=40,Portfolio & Pension Management Ltd,-,Yes,2-10,1,ppmwealth.co.uk
https://financialadvisers.co.uk/financial-planning/ayr/?pl_p=4&pl_m=40,MurrayPaterson Limited,-,Yes,2-10,3,murraypaterson.co.uk
https://financialadvisers.co.uk/financial-planning/ayr/?pl_p=4&pl_m=40,Edgar Financial Advice Limited,-,Yes,,,edgarfinancial.co.uk
https://financialadvisers.co.uk/financial-planning/ayr/?pl_p=4&pl_m=40,Gregory Jenkins,,,,,
https://financialadvisers.co.uk/financial-planning/ayr/?pl_p=4&pl_m=40,HAAA Ltd,-,Yes,201-500,323,ek.2plan.com
https://financialadvisers.co.uk/financial-planning/ayr/?pl_p=5&pl_m=40,Heather Macqueen Limited,-,Yes,,,heathermacqueen.co.uk
https://financialadvisers.co.uk/financial-planning/ayr/?pl_p=5&pl_m=40,Macdonalds Independent Financial Advisers Limited,,,,,
https://financialadvisers.co.uk/financial-planning/ayr/?pl_p=5&pl_m=40,Caledonian Financial Management Limited,-,Yes,,7,caledonianfm.co.uk
https://financialadvisers.co.uk/financial-planning/ayr/?pl_p=5&pl_m=40,Hutcheson Financial Planning Limited,-,Yes,,,hutchesonfinancial.co.uk
https://financialadvisers.co.uk/financial-planning/ayr/?pl_p=5&pl_m=40,Pinewood Portfolio Management LLP,-,Yes,,,pinewoodpm.com
https://financialadvisers.co.uk/financial-planning/ayr/?pl_p=5&pl_m=40,A.S.K. Wealth Management LLP,-,Yes,,,askwealthmanagement.co.uk
https://financialadvisers.co.uk/financial-planning/ayr/?pl_p=5&pl_m=40,Alan Roderick Thomson Waugh,-,Yes,,,agilityfinancialmanagement.co.uk
https://financialadvisers.co.uk/financial-planning/ayr/?pl_p=5&pl_m=40,Stewart IFA Ltd,-,Yes,2-10,4,stewartifa.co.uk
https://financialadvisers.co.uk/financial-planning/ayr/?pl_p=5&pl_m=40,Affluent Financial Planning Ltd,-,Yes,2-10,6,affluentfp.co.uk
https://financialadvisers.co.uk/financial-planning/ayr/?pl_p=5&pl_m=40,Sterling Scotia Limited,,,,,
https://financialadvisers.co.uk/financial-planning/ayr/?pl_p=5&pl_m=40,James Irvine Financial Planning Limited,,,,,
https://financialadvisers.co.uk/financial-planning/ayr/?pl_p=5&pl_m=40,Independent Financial Advice Centre (Glasgow) Ltd,-,Yes,2-10,11,ifacentre.net
https://financialadvisers.co.uk/financial-planning/ayr/?pl_p=5&pl_m=40,St Clair Financial Planning Ltd,-,Yes,,1,stclairfinancialplanning.co.uk
https://financialadvisers.co.uk/financial-planning/ayr/?pl_p=5&pl_m=40,Lockhart Grey Financial Planning Ltd,-,Yes,2-10,,lockhartgrey.co.uk
https://financialadvisers.co.uk/financial-planning/ayr/?pl_p=5&pl_m=40,Manor Park Financial Services Ltd,-,Yes,,,manorpark.com
https://financialadvisers.co.uk/financial-planning/ayr/?pl_p=6&pl_m=40,Financial Planning Options Ltd,I - IFA,No,1-10,7,fpoptions.co.uk
https://financialadvisers.co.uk/financial-planning/ayr/?pl_p=6&pl_m=40,Docherty & Co Financial Services Limited,-,Yes,1,1,men.com
https://financialadvisers.co.uk/financial-planning/ayr/?pl_p=6&pl_m=40,Brierie Financial Planning Ltd,-,Yes,2-10,1,brieriefp.co.uk
https://financialadvisers.co.uk/financial-planning/ayr/?pl_p=6&pl_m=40,Cochran Dickie & MacKenzie Limited,-,Yes,2-10,11,cochrandickie.co.uk
https://financialadvisers.co.uk/financial-planning/ayr/?pl_p=6&pl_m=40,North of Scotland Financial Services Ltd,I - IFA,No,"5,001-10,000",2710,mandgwealth.com/northofscotlandfinancialservices
https://financialadvisers.co.uk/financial-planning/ayr/?pl_p=6&pl_m=40,Advanced Financial Strategies Ltd,-,Yes,,,advancedfinancialstrategies.co.uk
https://financialadvisers.co.uk/financial-planning/ayr/?pl_p=6&pl_m=40,Grant Morrison,-,Yes,,,scopefinancial.co.uk
https://financialadvisers.co.uk/financial-planning/ayr/?pl_p=6&pl_m=40,Garthland Wealth Limited,I - IFA,No,"1,001-5,000",3514,partnership.sjp.co.uk/partner/robertheron
https://financialadvisers.co.uk/financial-planning/ayr/?pl_p=6&pl_m=40,CNB Wealth Management Limited,I - IFA,No,"1,001-5,000",3514,partnership.sjp.co.uk/partner/chrisbrown
https://financialadvisers.co.uk/financial-planning/ayr/?pl_p=6&pl_m=40,Malory Investments Services Ltd,-,Yes,2-10,1,maloryinvestments.co.uk
https://financialadvisers.co.uk/financial-planning/ayr/?pl_p=6&pl_m=40,Lamont Financial Planners Ltd,I - IFA,No,"501-1,000",753,openwork.uk.com
https://financialadvisers.co.uk/financial-planning/ayr/?pl_p=6&pl_m=40,David Melville,-,Yes,,,melvilleifa.co.uk
https://financialadvisers.co.uk/financial-planning/ayr/?pl_p=6&pl_m=40,DJC Wealth Management Ltd,-,Yes,2-10,,djcwm.co.uk
https://financialadvisers.co.uk/financial-planning/ayr/?pl_p=6&pl_m=40,Milne Craig,-,Yes,51-200,78,milnecraig.co.uk
https://financialadvisers.co.uk/financial-planning/ayr/?pl_p=6&pl_m=40,Independent First Limited,-,Yes,,,independentfirst.com
https://financialadvisers.co.uk/financial-planning/ayr/?pl_p=7&pl_m=40,Calcluth and Sangster Limited,-,Yes,,,calcuthandsangsterfs.co.uk
https://financialadvisers.co.uk/financial-planning/ayr/?pl_p=7&pl_m=40,Calcluth & Sangster (Financial Services) Limited,-,Yes,,8,calcluthandsangster.co.uk
https://financialadvisers.co.uk/financial-planning/ayr/?pl_p=7&pl_m=40,D2 Financial Solutions (UK) Ltd,-,Yes,11-50,37,d2cs.com
https://financialadvisers.co.uk/financial-planning/ayr/?pl_p=7&pl_m=40,Carley Mearns-Begley,-,Yes,,,carleymearns.co.uk
https://financialadvisers.co.uk/financial-planning/ayr/?pl_p=7&pl_m=40,Campbell Mackie Limited,-,Yes,2-10,2,campbellmackie.co.uk
https://financialadvisers.co.uk/financial-planning/ayr/?pl_p=7&pl_m=40,Harkin Financial Services Ltd,-,Yes,,,harkinfs.com
https://financialadvisers.co.uk/financial-planning/ayr/?pl_p=7&pl_m=40,Quinn & Co Wealth Management Ltd,-,Yes,,,quinnwealthmanagement.co.uk
https://financialadvisers.co.uk/financial-planning/ayr/?pl_p=7&pl_m=40,Robert Graham Harvie,-,Yes,,,rgharvie.com
https://financialadvisers.co.uk/financial-planning/ayr/?pl_p=7&pl_m=40,A Henderson Financial Planning Ltd,-,Yes,,,ahfinplan.co.uk
https://financialadvisers.co.uk/financial-planning/ayr/?pl_p=7&pl_m=40,Alistair Craig Financial Services Ltd,-,Yes,"10,001+","12,050",bakermckenzie.com
https://financialadvisers.co.uk/financial-planning/ayr/?pl_p=7&pl_m=40,Astute Invest Ltd,-,Yes,11-50,,astuteinvest.co.uk
https://financialadvisers.co.uk/financial-planning/ayr/?pl_p=7&pl_m=40,Money Advice & Planning Ltd,-,Yes,2-10,16,mapfinances.co.uk
https://financialadvisers.co.uk/financial-planning/ayr/?pl_p=7&pl_m=40,Urquhart Asset Management Limited,-,Yes,,2,urquhartasset.com
https://financialadvisers.co.uk/financial-planning/ayr/?pl_p=7&pl_m=40,Peter Reilly,-,Yes,,,prfinancial.co.uk
https://financialadvisers.co.uk/financial-planning/ayr/?pl_p=7&pl_m=40,Selwyn Goldberg,-,Yes,,,millernairngoldberg.co.uk
https://financialadvisers.co.uk/financial-planning/ayr/?pl_p=8&pl_m=40,Scotia Independent Financial Services,-,Yes,11-50,3,scotiaindependent.com
https://financialadvisers.co.uk/financial-planning/ayr/?pl_p=8&pl_m=40,The Ailsa Partnership Ltd,-,Yes,,,theailsapartnership.com
https://financialadvisers.co.uk/financial-planning/ayr/?pl_p=8&pl_m=40,The BT Partnership,-,Yes,,,thebtpartnership.ifa-web.co.uk
https://financialadvisers.co.uk/financial-planning/ayr/?pl_p=8&pl_m=40,Clyde Financial Services Ltd,-,Yes,,,clydefinancialservices.com
https://financialadvisers.co.uk/financial-planning/ayr/?pl_p=8&pl_m=40,James Anderson Barr t/a Anderson Barr Consultants,-,Yes,,1,andersonbarrconsultants.co.uk
https://financialadvisers.co.uk/financial-planning/ayr/?pl_p=8&pl_m=40,JRW Financial Management Ltd,-,Yes,,,jrwfinancial.co.uk
https://financialadvisers.co.uk/financial-planning/ayr/?pl_p=8&pl_m=40,Brandane Financial Services Ltd,-,Yes,,,brandaneifa.com
https://financialadvisers.co.uk/financial-planning/ayr/?pl_p=8&pl_m=40,Martin Aitken Financial Services Limited,-,No,11-50,10,mafsltd.co.uk
https://financialadvisers.co.uk/financial-planning/ayr/?pl_p=8&pl_m=40,Mackenzie Taylor Asset Management Limited,-,Yes,,,mtassetmanagement.co.uk
https://financialadvisers.co.uk/financial-planning/ayr/?pl_p=8&pl_m=40,Avonbrae Financial Services Limited,,,,,
https://financialadvisers.co.uk/financial-planning/ayr/?pl_p=8&pl_m=40,Talon Associates Limited,-,Yes,2-10,,talonassociates.co.uk
https://financialadvisers.co.uk/financial-planning/ayr/?pl_p=8&pl_m=40,FD Wealth Ltd,-,Yes,,,fdwealth.co.uk
https://financialadvisers.co.uk/financial-planning/ayr/?pl_p=8&pl_m=40,Hicks & McNish LLP,-,Yes,,,hicksandmcnish.org
https://financialadvisers.co.uk/financial-planning/ayr/?pl_p=8&pl_m=40,Independent Financial Strategies Ltd,-,Yes,11-50,27,clarkgillone.co.uk
https://financialadvisers.co.uk/financial-planning/ayr/?pl_p=8&pl_m=40,Holland (Glasgow) Insurance Brokers Ltd,-,Yes,,,hollandinsurancebrokers.com
https://financialadvisers.co.uk/financial-planning/ayr/?pl_p=9&pl_m=40,The Internet IFA Ltd,-,Yes,,,adassociates.co.uk
https://financialadvisers.co.uk/financial-planning/ayr/?pl_p=9&pl_m=40,Nexus Wealth Planning Ltd,-,Yes,,,nexuswp.co.uk
https://financialadvisers.co.uk/financial-planning/ayr/?pl_p=9&pl_m=40,Farrell Financial Planning Limited,-,Yes,2-10,2,ffpgroup.co.uk
https://financialadvisers.co.uk/financial-planning/ayr/?pl_p=9&pl_m=40,Simple Financial Planning Ltd,I - IFA,No,11-50,13,simplefp.co.uk
https://financialadvisers.co.uk/financial-planning/ayr/?pl_p=9&pl_m=40,Cairn Financial Management Limited,-,Yes,,,cairnfm.co.uk
https://financialadvisers.co.uk/financial-planning/ayr/?pl_p=9&pl_m=40,David Vance Consulting Ltd,-,Yes,,,vancefm.co.uk
https://financialadvisers.co.uk/financial-planning/ayr/?pl_p=9&pl_m=40,Craig Kilgour Independent Financial Planning Limited,-,Yes,,,craigkilgour.com
https://financialadvisers.co.uk/financial-planning/ayr/?pl_p=9&pl_m=40,Cleveden Park Wealth Ltd,-,Yes,2-10,11,clevedenparkwealth.co.uk
https://financialadvisers.co.uk/financial-planning/ayr/?pl_p=9&pl_m=40,Echo Wealth Management Limited,-,Yes,,,echowealth.co.uk
https://financialadvisers.co.uk/financial-planning/ayr/?pl_p=9&pl_m=40,ILM Financial Limited,-,Yes,2-10,5,ilmfinancial.co.uk
https://financialadvisers.co.uk/financial-planning/ayr/?pl_p=9&pl_m=40,Orr Kerr Dykes Financial Services Limited,-,Yes,,,okdfs.co.uk
https://financialadvisers.co.uk/financial-planning/ayr/?pl_p=9&pl_m=40,Optimize Financial Solutions Limited,I - DFM without Centralised Research,No,11-50,14,kpwinvestments.co.uk
https://financialadvisers.co.uk/financial-planning/ayr/?pl_p=9&pl_m=40,Begley Brown Financial Solutions Ltd,-,Yes,,,begleybrown.co.uk
https://financialadvisers.co.uk/financial-planning/ayr/?pl_p=9&pl_m=40,KPW Investments LLP,I - DFM without Centralised Research; I - IFA,No,11-50,14,kpwinvestments.co.uk
https://financialadvisers.co.uk/financial-planning/ayr/?pl_p=9&pl_m=40,Intelligent Pensions Ltd,-,Yes,11-50,31,intelligentpensions.com
https://financialadvisers.co.uk/financial-planning/ayr/?pl_p=10&pl_m=40,CFG Investment Services Ltd,-,Yes,,,cfgwealthmanagement.co.uk
https://financialadvisers.co.uk/financial-planning/ayr/?pl_p=10&pl_m=40,The Carruth Financial Group Limited,-,Yes,,,cfgfinancialadvisors.co.uk
https://financialadvisers.co.uk/financial-planning/ayr/?pl_p=10&pl_m=40,Castlebay Investment Partners LLP,-,Yes,2-10,4,castlebayinvestments.com
https://financialadvisers.co.uk/financial-planning/ayr/?pl_p=10&pl_m=40,Davidson Asset Management Limited,-,Yes,11-50,15,damgoodpensions.com
https://financialadvisers.co.uk/financial-planning/ayr/?pl_p=10&pl_m=40,Robert Ashton,I - IFA,No,"1,001-5,000",3514,partnership.sjp.co.uk/partner/robertashtonf
https://financialadvisers.co.uk/financial-planning/ayr/?pl_p=10&pl_m=40,Mr Paul O'Brien,I - IFA,No,,,tru-ifa.co.uk
https://financialadvisers.co.uk/financial-planning/ayr/?pl_p=10&pl_m=40,"Wright, Johnston & MacKenzie LLP",-,Yes,51-200,120,wjm.co.uk
https://financialadvisers.co.uk/financial-planning/ayr/?pl_p=10&pl_m=40,The ER Network Ltd,I - IFA,No,1-10,5,ernetwork.co.uk
https://financialadvisers.co.uk/financial-planning/ayr/?pl_p=10&pl_m=40,Capital Managers LLP,-,Yes,,5,capitalmanagers.co.uk
https://financialadvisers.co.uk/financial-planning/ayr/?pl_p=10&pl_m=40,Capital Independent Financial Consultants Ltd,-,Yes,2-10,1,capitalifc.com
https://financialadvisers.co.uk/financial-planning/ayr/?pl_p=10&pl_m=40,Argyle Consulting Ltd,-,No,11-50,37,argyleconsulting.co.uk
https://financialadvisers.co.uk/financial-planning/ayr/?pl_p=10&pl_m=40,S K Nanda Financial Services,,,,,
https://financialadvisers.co.uk/financial-planning/ayr/?pl_p=10&pl_m=40,Advanced (Scotland) Limited,-,Yes,51-200,156,advancedonline.co.uk
https://financialadvisers.co.uk/financial-planning/ayr/?pl_p=10&pl_m=40,VWM Consulting Limited,-,Yes,2-10,9,vwmwealth.com
https://financialadvisers.co.uk/financial-planning/ayr/?pl_p=10&pl_m=40,Wellington Wealth (Glasgow) Limited,I - IFA,No,1-10,5,wellington-wealth.com
https://financialadvisers.co.uk/financial-planning/ayr/?pl_p=11&pl_m=40,Verum Wealth Ltd,I - IFA,No,1-10,4,verumwealth.com
https://financialadvisers.co.uk/financial-planning/ayr/?pl_p=11&pl_m=40,Georgetown Wealth Management LLP,I - IFA,No,1-10,2,georgetownwealthmanagement.co.uk
https://financialadvisers.co.uk/financial-planning/ayr/?pl_p=11&pl_m=40,Clark Boyle Limited,I - IFA,No,11-50,24,clarkboyle.co.uk
https://financialadvisers.co.uk/financial-planning/ayr/?pl_p=11&pl_m=40,Simple Financial Services Ltd,-,Yes,2-10,{:numEmployees},simplefinancial.co.uk
https://financialadvisers.co.uk/financial-planning/ayr/?pl_p=11&pl_m=40,D A Calder Limited,-,Yes,2-10,8,dacalder.com
https://financialadvisers.co.uk/financial-planning/ayr/?pl_p=11&pl_m=40,Murphy Wealth Limited,-,Yes,11-50,14,murphywealth.co.uk
https://financialadvisers.co.uk/financial-planning/ayr/?pl_p=11&pl_m=40,AGL Wealth Management Ltd,I - IFA,No,11-50,13,aglwealth.com
https://financialadvisers.co.uk/financial-planning/ayr/?pl_p=11&pl_m=40,EIS Financial Services Ltd,-,Yes,11-50,12,eisfs.co.uk
https://financialadvisers.co.uk/financial-planning/ayr/?pl_p=11&pl_m=40,Whiteleigh Financial Planning Ltd,I - IFA,No,"1,001-5,000",3514,partnership.sjp.co.uk/robertmcilroy
https://financialadvisers.co.uk/financial-planning/ayr/?pl_p=11&pl_m=40,The Wealth Office Ltd,-,Yes,2-10,2,thewealthoffice.co.uk
https://financialadvisers.co.uk/financial-planning/ayr/?pl_p=11&pl_m=40,Blackmount Private Wealth Limited,-,Yes,2-10,2,blackmountwealth.co.uk
https://financialadvisers.co.uk/financial-planning/ayr/?pl_p=11&pl_m=40,Paterson Financial Planning Ltd,-,Yes,2-10,6,patersonfp.co.uk
https://financialadvisers.co.uk/financial-planning/ayr/?pl_p=11&pl_m=40,CIB Financial Management Limited,-,Yes,,,cibfinancialmanagement.co.uk
https://financialadvisers.co.uk/financial-planning/ayr/?pl_p=11&pl_m=40,Gordon McNaughton,I - IFA,No,"1,001-5,000",3514,partnership.sjp.co.uk/partner/mcnaughtonwealth
https://financialadvisers.co.uk/financial-planning/ayr/?pl_p=11&pl_m=40,Colin R Bauld,-,Yes,,,finchwealth.com
https://financialadvisers.co.uk/financial-planning/ayr/?pl_p=12&pl_m=40,Castlebank Financial Planning Limited,-,Yes,2-10,,castle-bank.co.uk
https://financialadvisers.co.uk/financial-planning/ayr/?pl_p=12&pl_m=40,Melrose Wemyss Associates Limited,-,Yes,,,mwassocites.net
https://financialadvisers.co.uk/financial-planning/ayr/?pl_p=12&pl_m=40,APC Financial Solutions and Consultancy Services Limited,-,Yes,,,apcfinancial.co.uk
https://financialadvisers.co.uk/financial-planning/ayr/?pl_p=12&pl_m=40,Citypoint Wealth Limited,-,Yes,,,citypointwealth.uk
https://financialadvisers.co.uk/financial-planning/ayr/?pl_p=12&pl_m=40,Forrest Financial Management Limited,I - IFA,No,1-10,3,forrestfinancialmanagement.co.uk
https://financialadvisers.co.uk/financial-planning/ayr/?pl_p=12&pl_m=40,Investax Limited,I - IFA,No,,,investaxlimited.co.uk
https://financialadvisers.co.uk/financial-planning/ayr/?pl_p=12&pl_m=40,Erdley Hand T/A Wright Hand Associates,I - IFA,No,,,wh-associates.co.uk
https://financialadvisers.co.uk/financial-planning/ayr/?pl_p=12&pl_m=40,SPECTRUM WEALTH GROUP LTD,I - IFA,No,11-50,9,spectrumwealthgroup.com
https://financialadvisers.co.uk/financial-planning/ayr/?pl_p=12&pl_m=40,Gilliland Neilson Brown Limited,I - IFA,No,1-10,6,gnbfs.co.uk
https://financialadvisers.co.uk/financial-planning/ayr/?pl_p=12&pl_m=40,Mandan Financial Management,-,Yes,,,mandanifa.co.uk
https://financialadvisers.co.uk/financial-planning/ayr/?pl_p=12&pl_m=40,Aspire Wealth (Scotland) Limited,-,Yes,,,aspirewealthscotland.com
https://financialadvisers.co.uk/financial-planning/ayr/?pl_p=12&pl_m=40,Stewart Asset Management Limited,-,Yes,,,stewartassetmanagement.co.uk
https://financialadvisers.co.uk/financial-planning/ayr/?pl_p=12&pl_m=40,Advanced Asset Consultants Ltd,-,Yes,,,advancedasset.co.uk
https://financialadvisers.co.uk/financial-planning/ayr/?pl_p=12&pl_m=40,Riverpark Investment & Financial Consultants Limited,I - IFA,No,11-50,8,riverparkifa.com
https://financialadvisers.co.uk/financial-planning/ayr/?pl_p=12&pl_m=40,Intelligent Capital Ltd,I - IFA,No,201-500,8,intelligentcapital.biz
https://financialadvisers.co.uk/financial-planning/ayr/?pl_p=13&pl_m=40,Adam Leech,I - IFA,No,"1,001-5,000",3514,partnership.sjp.co.uk/partner/ajleech
https://financialadvisers.co.uk/financial-planning/ayr/?pl_p=13&pl_m=40,Buchanan Financial Planning Ltd,I - IFA,No,,,buchananfp.co.uk
https://financialadvisers.co.uk/financial-planning/ayr/?pl_p=13&pl_m=40,June Murray Wealth Management Ltd,I - IFA,No,"1,001-5,000",3514,partnership.sjp.co.uk/partner/junemurraywealthmanagement
https://financialadvisers.co.uk/financial-planning/ayr/?pl_p=13&pl_m=40,Anthony Blake,I - IFA,No,1,1,anthonyblakefinancialplanning.co.uk
https://financialadvisers.co.uk/financial-planning/ayr/?pl_p=13&pl_m=40,Ryan Quinn,I - IFA,No,"1,001-5,000",3514,partnership.sjp.co.uk/partner/rqfinancialmanagement
https://financialadvisers.co.uk/financial-planning/ayr/?pl_p=13&pl_m=40,Waseem Afsar,I - IFA,No,,,wa-wm.co.uk
https://financialadvisers.co.uk/financial-planning/ayr/?pl_p=13&pl_m=40,Julie Robertson,I - IFA,No,"1,001-5,000",3514,partnership.sjp.co.uk/partner/myafinancial
https://financialadvisers.co.uk/financial-planning/ayr/?pl_p=13&pl_m=40,Tait Wealth Management Limited,I - IFA,No,1-10,1,taitwealthmanagement.co.uk
https://financialadvisers.co.uk/financial-planning/ayr/?pl_p=13&pl_m=40,Martin McLaughlan,I - IFA,No,,,martinmclaughlanwm.co.uk
https://financialadvisers.co.uk/financial-planning/ayr/?pl_p=13&pl_m=40,Ross Johnston,I - IFA,No,,,617fm.co.uk
https://financialadvisers.co.uk/financial-planning/ayr/?pl_p=13&pl_m=40,Lisa McCreadie,I - IFA,No,,,lmcfinancialplanning.co.uk
https://financialadvisers.co.uk/financial-planning/ayr/?pl_p=13&pl_m=40,Jonathan Reid,I - IFA,No,"1,001-5,000",3514,partnership.sjp.co.uk/partner/reidfinancialplanning
https://financialadvisers.co.uk/financial-planning/ayr/?pl_p=13&pl_m=40,Jack Wyllie,I - IFA,No,"1,001-5,000",3514,partnership.sjp.co.uk/partner/wylliewealthmanagement
https://financialadvisers.co.uk/financial-planning/ayr/?pl_p=13&pl_m=40,Seven Wealth Ltd,I - IFA,No,1-10,1,seven-wealth.co.uk
https://financialadvisers.co.uk/financial-planning/ayr/?pl_p=13&pl_m=40,Martin Campbell,I - IFA,No,,,martincampbellfinancial.co.uk
https://financialadvisers.co.uk/financial-planning/ayr/?pl_p=14&pl_m=40,Blythswood Associates Ltd,I - IFA,No,11-50,7,blythswood.com
https://financialadvisers.co.uk/financial-planning/ayr/?pl_p=14&pl_m=40,Bruce Harvey,I - DFM without Centralised Research; I - IFA,No,"1,001-5,000",3514,sjpp.co.uk/bruceaharvey
https://financialadvisers.co.uk/financial-planning/ayr/?pl_p=14&pl_m=40,Hina Zia,I - IFA,No,"1,001-5,000",3514,hinaziawm.co.uk
https://financialadvisers.co.uk/financial-planning/ayr/?pl_p=14&pl_m=40,Alexanders Wealth Management Ltd,I - IFA,No,1-10,3,alexanderswm.co.uk
https://financialadvisers.co.uk/financial-planning/ayr/?pl_p=14&pl_m=40,Bradley Financial Planning Ltd,I - IFA,No,,,paulinebulloch.co.uk
https://financialadvisers.co.uk/financial-planning/ayr/?pl_p=14&pl_m=40,Dean Financial Management Limited,I - IFA,No,"1,001-5,000",3514,partnership.sjp.co.uk/partner/deanfinancialmanagement
https://financialadvisers.co.uk/financial-planning/ayr/?pl_p=14&pl_m=40,Jill Young,I - IFA,No,"1,001-5,000",3514,partnership.sjp.co.uk/partner/jillyoungwm
https://financialadvisers.co.uk/financial-planning/ayr/?pl_p=14&pl_m=40,John Cumming,I - DFM without Centralised Research; I - IFA,No,"1,001-5,000",3514,sjpp.co.uk/johncumming
https://financialadvisers.co.uk/financial-planning/ayr/?pl_p=14&pl_m=40,Stuart Aitken,I - IFA,No,,,lochranzawealth.co.uk
https://financialadvisers.co.uk/financial-planning/ayr/?pl_p=14&pl_m=40,Jagdip Bhandal,I - IFA,No,,,singhwealth.co.uk
https://financialadvisers.co.uk/financial-planning/ayr/?pl_p=14&pl_m=40,Daniele Tuveri,I - IFA,No,"1,001-5,000",3514,glenstonewealth.co.uk
https://financialadvisers.co.uk/financial-planning/ayr/?pl_p=14&pl_m=40,Daniel Burke,I - IFA,No,"1,001-5,000",3514,partnership.sjp.co.uk/partner/danielburke
https://financialadvisers.co.uk/financial-planning/ayr/?pl_p=14&pl_m=40,Kevin Pinkerton,I - IFA,No,,,kevinpinkerton.co.uk
https://financialadvisers.co.uk/financial-planning/ayr/?pl_p=14&pl_m=40,Gemmell & Co Wealth Management Ltd,I - IFA,No,,,williamgemmell.co.uk
https://financialadvisers.co.uk/financial-planning/ayr/?pl_p=14&pl_m=40,Craig Paterson,I - DFM without Centralised Research; I - IFA,No,"1,001-5,000",3514,sjpp.co.uk/craigpaterson
https://financialadvisers.co.uk/financial-planning/ayr/?pl_p=15&pl_m=40,Cowan Financial Consultants Limited,I - IFA,No,,,cowanfinancial.co.uk
https://financialadvisers.co.uk/financial-planning/ayr/?pl_p=15&pl_m=40,Adam Edward Tweedie,I - IFA,No,,,covewealth.co.uk
https://financialadvisers.co.uk/financial-planning/ayr/?pl_p=15&pl_m=40,Renata Cook Wealth Management Ltd,I - IFA,No,1,1,rcwealthmanagement.co.uk
https://financialadvisers.co.uk/financial-planning/ayr/?pl_p=15&pl_m=40,William Wallace Wealth Management,I - Asset Manager with Multi-Asset; I - IFA,No,"1,001-5,000",2488,lgim.com
https://financialadvisers.co.uk/financial-planning/ayr/?pl_p=15&pl_m=40,Muir Brown Limited,I - IFA,No,,,muirbrown.com
https://financialadvisers.co.uk/financial-planning/ayr/?pl_p=15&pl_m=40,Fitzallan Ltd,I - IFA,No,11-50,16,fitzallan.com
https://financialadvisers.co.uk/financial-planning/ayr/?pl_p=15&pl_m=40,Elite Financial Advice Ltd,I - IFA,No,,,elitefinancialadvice.co.uk
https://financialadvisers.co.uk/financial-planning/ayr/?pl_p=15&pl_m=40,Bonum Wealth Ltd,I - IFA,No,1-10,5,bonumwealth.co.uk
https://financialadvisers.co.uk/financial-planning/ayr/?pl_p=15&pl_m=40,Rosemount Asset Management Ltd,-,Yes,,,rosemountasset.co.uk
https://financialadvisers.co.uk/financial-planning/ayr/?pl_p=15&pl_m=40,Kyle Consulting Ltd,-,Yes,2-10,,kyleconsulting.co.uk
https://financialadvisers.co.uk/financial-planning/ayr/?pl_p=15&pl_m=40,Strategic Retirement Solutions Ltd,-,Yes,,,srsifa.co.uk
https://financialadvisers.co.uk/financial-planning/ayr/?pl_p=15&pl_m=40,Stewart Financial Management Limited,-,Yes,,,stewartfm.co.uk
https://financialadvisers.co.uk/financial-planning/ayr/?pl_p=15&pl_m=40,Thomson McCallum Ltd,-,Yes,2-10,1,thomsonmccallum.co.uk
https://financialadvisers.co.uk/financial-planning/ayr/?pl_p=15&pl_m=40,Paton Wealth Management Limited,-,Yes,2-10,1,patonwealthmanagement.co.uk
https://financialadvisers.co.uk/financial-planning/ayr/?pl_p=15&pl_m=40,Advanta Direct Ltd,I - IFA,No,51-200,156,mooreifa.co.uk
https://financialadvisers.co.uk/financial-planning/ayr/?pl_p=16&pl_m=40,Solicitors Financial Centre Limited,I - IFA,No,,,sfcglasgow.co.uk
https://financialadvisers.co.uk/financial-planning/ayr/?pl_p=16&pl_m=40,Interactive Wealth Management Limited,-,Yes,2-10,3,interactivewealth.co.uk
https://financialadvisers.co.uk/financial-planning/ayr/?pl_p=16&pl_m=40,Cedarwood Wealth Management Ltd,I - IFA,No,,,wcedarwoodwm.co.uk
https://financialadvisers.co.uk/financial-planning/ayr/?pl_p=16&pl_m=40,Campbell Thomson (Insurance Services) Limited,I - IFA,No,11-50,5,campbellthomson.co.uk
https://financialadvisers.co.uk/financial-planning/ayr/?pl_p=16&pl_m=40,McCrea Financial Services Limited,I - IFA,No,11-50,18,mccreafs.co.uk
https://financialadvisers.co.uk/financial-planning/ayr/?pl_p=16&pl_m=40,Christie Financial Planning Limited,I - IFA,No,1-10,3,christiefp.com
https://financialadvisers.co.uk/financial-planning/ayr/?pl_p=16&pl_m=40,Ralph M Mitchell Financial Planning Ltd,I - IFA,No,"501-1,000",753,openwork.uk.com
https://financialadvisers.co.uk/financial-planning/ayr/?pl_p=16&pl_m=40,Morton Hill Ltd,I - IFA,No,11-50,,mcknightfinancial.co.uk
https://financialadvisers.co.uk/financial-planning/ayr/?pl_p=16&pl_m=40,Finesco Financial Services Limited,-,Yes,,6,finesco.com
https://financialadvisers.co.uk/financial-planning/ayr/?pl_p=16&pl_m=40,CORRAN FINANCIAL LTD,I - IFA,No,11-50,19,justfinancialgroup.co.uk
https://financialadvisers.co.uk/financial-planning/ayr/?pl_p=16&pl_m=40,Just Financial Group Ltd,I - IFA,No,11-50,19,Justfinancialgroup.co.uk
https://financialadvisers.co.uk/financial-planning/ayr/?pl_p=16&pl_m=40,Bright Rivers Wealth Management Ltd,I - IFA,No,11-50,19,justfinancialgroup.co.uk
https://financialadvisers.co.uk/financial-planning/ayr/?pl_p=16&pl_m=40,RA Financial Planning Limited,I - IFA,No,11-50,6,WWW.KELVINFP.COM
https://financialadvisers.co.uk/financial-planning/ayr/?pl_p=16&pl_m=40,DC Premier Wealth Management Limited,I - IFA,No,11-50,19,justfinancialgroup.co.uk
https://financialadvisers.co.uk/financial-planning/ayr/?pl_p=16&pl_m=40,Kelvin Financial Planning Limited,I - IFA,No,11-50,6,kelvinfp.com
https://financialadvisers.co.uk/financial-planning/ayr/?pl_p=17&pl_m=40,Glasgow Wealth Limited,I - IFA,No,1-10,2,glasgowwealth.co.uk
https://financialadvisers.co.uk/financial-planning/ayr/?pl_p=17&pl_m=40,Save & Invest FT Limited,I - IFA,No,,,saveandinvest.co.uk
https://financialadvisers.co.uk/financial-planning/ayr/?pl_p=17&pl_m=40,Save & Invest (Financial Planning) Limited,I - IFA,No,,,saveandinvest.com
https://financialadvisers.co.uk/financial-planning/ayr/?pl_p=17&pl_m=40,Campbell Financial Services Ltd,I - IFA,No,,,campbellfs.com
https://financialadvisers.co.uk/financial-planning/ayr/?pl_p=17&pl_m=40,Money Right Financial Planning Limited,,,,,
https://financialadvisers.co.uk/financial-planning/ayr/?pl_p=17&pl_m=40,Thomson Wealth Management Ltd,I - IFA,No,1-10,4,thomsonwealth.co.uk
https://financialadvisers.co.uk/financial-planning/ayr/?pl_p=17&pl_m=40,Lauder Financial Limited,,,,,
https://financialadvisers.co.uk/financial-planning/ayr/?pl_p=17&pl_m=40,CC Financial Management Ltd,I - IFA,No,,,csfinancialservices.co.uk
https://financialadvisers.co.uk/financial-planning/ayr/?pl_p=17&pl_m=40,Traquair Financial Services Ltd,,,,,
https://financialadvisers.co.uk/financial-planning/ayr/?pl_p=17&pl_m=40,Fraser Spy Financial Services Ltd,I - IFA,No,1-10,8,fraserspy.co.uk
https://financialadvisers.co.uk/financial-planning/ayr/?pl_p=17&pl_m=40,David McDonald Financial Services Ltd,I - IFA,No,,,davidmcdonald.co.uk
https://financialadvisers.co.uk/financial-planning/ayr/?pl_p=17&pl_m=40,Kenneth Ross Independent Financial Advisers Ltd,I - IFA,No,,,kennethross.co.uk
https://financialadvisers.co.uk/financial-planning/ayr/?pl_p=17&pl_m=40,D L Bloomer Limited,I - IFA,No,,,dlbloomer.com
https://financialadvisers.co.uk/financial-planning/ayr/?pl_p=17&pl_m=40,McLay McAlister (Financial Services) Limited,I - IFA,No,11-50,14,mmmca.co.uk
https://financialadvisers.co.uk/financial-planning/ayr/?pl_p=17&pl_m=40,Eric Watson Financial Solutions Ltd,-,Yes,,,ericwatsonfs.co.uk
https://financialadvisers.co.uk/financial-planning/ayr/?pl_p=18&pl_m=40,JC Roxburgh (Financial Services) Limited,-,Yes,11-50,11,roxburgh-group.co.uk
https://financialadvisers.co.uk/financial-planning/ayr/?pl_p=18&pl_m=40,Semple Buchan Financial Management Ltd,,,,,
https://financialadvisers.co.uk/financial-planning/ayr/?pl_p=18&pl_m=40,S W Financial Management Limited,-,Yes,,7,sw-fm.co.uk
https://financialadvisers.co.uk/financial-planning/ayr/?pl_p=18&pl_m=40,Clydebank Financial Services Ltd,-,Yes,,,clydebankmm.co.uk
https://financialadvisers.co.uk/financial-planning/ayr/?pl_p=18&pl_m=40,Craig Johnston Asset Management Limited,I - IFA,No,,5,cjamltd.co.uk
https://financialadvisers.co.uk/financial-planning/ayr/?pl_p=18&pl_m=40,Holyrood Asset Management Ltd,I - IFA,No,,,holyroodam.co.uk
https://financialadvisers.co.uk/financial-planning/ayr/?pl_p=18&pl_m=40,MB Wealth Management Limited,-,Yes,,,mbwealthmanagement.co.uk
https://financialadvisers.co.uk/financial-planning/ayr/?pl_p=18&pl_m=40,David Dougan Financial Services Limited,-,Yes,2-10,,daviddouganfinancial.com
https://financialadvisers.co.uk/financial-planning/ayr/?pl_p=18&pl_m=40,Investment & Mortgage Options Scotland Ltd,-,Yes,,,imoscotland.com
https://financialadvisers.co.uk/financial-planning/ayr/?pl_p=18&pl_m=40,Stable Financial Group Ltd,,,,,
https://financialadvisers.co.uk/financial-planning/ayr/?pl_p=18&pl_m=40,Henderson Stone & Co Ltd,I - IFA,No,1-10,15,hendersonstone.co.uk
https://financialadvisers.co.uk/financial-planning/ayr/?pl_p=18&pl_m=40,Leven Wealth Management Limited,I - IFA,No,,,levenwealth.co.uk
https://financialadvisers.co.uk/financial-planning/ayr/?pl_p=18&pl_m=40,Henderson Stone Asset Management Limited,I - IFA,No,,,pensionadvicescotland.com
https://financialadvisers.co.uk/financial-planning/ayr/?pl_p=18&pl_m=40,Professional Wealth Planning Limited,-,Yes,,,pwplan.co.uk
https://financialadvisers.co.uk/financial-planning/ayr/?pl_p=18&pl_m=40,McLeod Ross Financial Planning LLP,-,Yes,2-10,2,mcleodross.com
https://financialadvisers.co.uk/financial-planning/ayr/?pl_p=19&pl_m=40,Lockhart Consultancy Ltd,-,Yes,2-10,3,lockhartconsultancy.co.uk
https://financialadvisers.co.uk/financial-planning/ayr/?pl_p=19&pl_m=40,Personal Investment Planning Ltd,-,Yes,,,pipglasgow.co.uk
https://financialadvisers.co.uk/financial-planning/ayr/?pl_p=19&pl_m=40,Gerald Mulhern,,,,,
https://financialadvisers.co.uk/financial-planning/ayr/?pl_p=19&pl_m=40,M B Financial Planning Limited,I - IFA,No,,,mbfp.co.uk
https://financialadvisers.co.uk/financial-planning/ayr/?pl_p=19&pl_m=40,Grant Robert Alexander Scholefield,-,Yes,2-10,5,evolveadvice.com
https://financialadvisers.co.uk/financial-planning/ayr/?pl_p=19&pl_m=40,J McGhee (Financial Consultant) Ltd,,,,,
https://financialadvisers.co.uk/financial-planning/ayr/?pl_p=19&pl_m=40,Kelvin Smith Financial Planning Ltd,I - IFA,No,11-50,23,kelvinsmith.com
https://financialadvisers.co.uk/financial-planning/ayr/?pl_p=19&pl_m=40,Financial Independent Solutions Limited,I - IFA,No,,,financialindependentsolutions.co.uk
https://financialadvisers.co.uk/financial-planning/ayr/?pl_p=19&pl_m=40,Marc Thomson Mortgages & Wealth Ltd,-,Yes,,,mtmw.co.uk
https://financialadvisers.co.uk/financial-planning/ayr/?pl_p=19&pl_m=40,S.F.S. Investments Limited,I - IFA,No,,,southernfs.co.uk
https://financialadvisers.co.uk/financial-planning/ayr/?pl_p=19&pl_m=40,Mrs Beverley Ann Barber-Fleming,-,Yes,,,blainifa.co.uk
https://financialadvisers.co.uk/financial-planning/ayr/?pl_p=19&pl_m=40,SAM Wealth LLP,I - IFA,No,,,samwealth.co.uk
https://financialadvisers.co.uk/financial-planning/ayr/?pl_p=19&pl_m=40,Strategic Asset Managers Limited,I - IFA,No,1-10,7,strategicassetmanagers.co.uk
https://financialadvisers.co.uk/financial-planning/ayr/?pl_p=19&pl_m=40,Alexander Campbell McLaughlan,I - IFA,No,,,acmwealth.co.uk
https://financialadvisers.co.uk/financial-planning/ayr/?pl_p=19&pl_m=40,TDH Financial Planning Ltd,I - IFA,No,,,tdhfinancialplanning.co.uk
https://financialadvisers.co.uk/financial-planning/ayr/?pl_p=20&pl_m=40,Moorlands Financial Services Ltd,I - IFA,No,1-10,2,moorlandsfinancial.co.uk
https://financialadvisers.co.uk/financial-planning/ayr/?pl_p=20&pl_m=40,Honest Wealth Management Ltd,I - IFA,No,,,honestwealth.co.uk
https://financialadvisers.co.uk/financial-planning/ayr/?pl_p=20&pl_m=40,Alexander Wealth Management Limited,,,,,
https://financialadvisers.co.uk/financial-planning/ayr/?pl_p=20&pl_m=40,PFM Financial Ltd,I - IFA,No,,,pfmfinancial.co.uk
https://financialadvisers.co.uk/financial-planning/ayr/?pl_p=20&pl_m=40,DM Pension & Investment Solutions Ltd,I - IFA,No,,,face2faceadvice.co.uk
https://financialadvisers.co.uk/financial-planning/ayr/?pl_p=20&pl_m=40,MARGARET NOONE FINANCIAL PLANNING LTD,I - IFA,No,"5,001-10,000",2710,mandgwealth.com/margaretnoonefinancialplanning
https://financialadvisers.co.uk/financial-planning/ayr/?pl_p=20&pl_m=40,Mortgage Information Bureau Ltd,,,,,
https://financialadvisers.co.uk/financial-planning/ayr/?pl_p=20&pl_m=40,Avoca Wealth Management Ltd,I - IFA,No,1-10,1,avocawealth.com
https://financialadvisers.co.uk/financial-planning/ayr/?pl_p=20&pl_m=40,Bespoke Retirements Limited,I - IFA,No,1-10,10,guiide.co.uk
https://financialadvisers.co.uk/financial-planning/ayr/?pl_p=20&pl_m=40,CK Financial Advisory Ltd,-,Yes,,,mortgage-shop-greenock.co.uk
https://financialadvisers.co.uk/financial-planning/ayr/?pl_p=20&pl_m=40,Perspect Financial Planning Limited,,,,,
https://financialadvisers.co.uk/financial-planning/ayr/?pl_p=20&pl_m=40,GPD Mortgage Solutions Ltd,-,Yes,2-10,3,gpdmortgagesolutions.co.uk
https://financialadvisers.co.uk/financial-planning/ayr/?pl_p=20&pl_m=40,SRB Wealth Management Ltd,I - IFA,No,11-50,14,srbwm.co.uk
https://financialadvisers.co.uk/financial-planning/ayr/?pl_p=20&pl_m=40,OPA Wealth Management Ltd,I - IFA,No,,,opawealthmanagement.co.uk
https://financialadvisers.co.uk/financial-planning/ayr/?pl_p=20&pl_m=40,Brookfield Wealth Management,I - IFA,No,"5,001-10,000",2710,mandgwealth.com/brookfieldwealthmanagement
https://financialadvisers.co.uk/financial-planning/ayr/?pl_p=21&pl_m=40,Integrity Asset Management Limited,I - IFA,No,1-10,4,integrityasset.uk
https://financialadvisers.co.uk/financial-planning/ayr/?pl_p=21&pl_m=40,The Iris Partnership,I - IFA,No,,,irismortgages.co.uk
https://financialadvisers.co.uk/financial-planning/ayr/?pl_p=21&pl_m=40,Unity Financial Consultants LLP,,,,,
https://financialadvisers.co.uk/financial-planning/ayr/?pl_p=21&pl_m=40,Rainbow Consulting (Scot) Limited,I - IFA,No,,,rcons.co.uk
https://financialadvisers.co.uk/financial-planning/ayr/?pl_p=21&pl_m=40,Financial Planning Objectives Limited,-,Yes,,,finplan.co.uk
https://financialadvisers.co.uk/financial-planning/ayr/?pl_p=21&pl_m=40,Lex Muir,-,Yes,,,muirconsult.co.uk
https://financialadvisers.co.uk/financial-planning/ayr/?pl_p=21&pl_m=40,Campbell Alexander Financial Management Ltd,-,Yes,,,cafinancial.co.uk
https://financialadvisers.co.uk/financial-planning/ayr/?pl_p=21&pl_m=40,Philip Andrew Whitehead,,,,,
https://financialadvisers.co.uk/financial-planning/ayr/?pl_p=21&pl_m=40,Clydevalley Financial Solutions Limited,I - IFA,No,,,clydevalleyfs.co.uk
https://financialadvisers.co.uk/financial-planning/ayr/?pl_p=21&pl_m=40,Wisdom Consulting Limited,I - IFA,No,1-10,,wisdomconsulting.co.uk
https://financialadvisers.co.uk/financial-planning/ayr/?pl_p=21&pl_m=40,Arthur Beverly Financial Management Limited,I - IFA,No,1-10,4,abfm.co.uk
https://financialadvisers.co.uk/financial-planning/ayr/?pl_p=21&pl_m=40,Peter Rooney,,,,,
https://financialadvisers.co.uk/financial-planning/ayr/?pl_p=21&pl_m=40,A J Options Ltd,,,,,
https://financialadvisers.co.uk/financial-planning/ayr/?pl_p=21&pl_m=40,Alistair Black,I - IFA,No,,,alistairblack.com
https://financialadvisers.co.uk/financial-planning/ayr/?pl_p=21&pl_m=40,Synergy Financial Planning Limited,I - IFA,No,11-50,38,aabwealth.uk
https://financialadvisers.co.uk/financial-planning/ayr/?pl_p=22&pl_m=40,Argyll Financial Services Limited,-,Yes,2-10,5,argyllfinancial.co.uk
https://financialadvisers.co.uk/financial-planning/ayr/?pl_p=22&pl_m=40,MKM Financial Management Ltd,I - IFA,No,,3,mkmfinancialmanagement.co.uk
https://financialadvisers.co.uk/financial-planning/ayr/?pl_p=22&pl_m=40,Capital Wealth Management (UK) Limited,,,,,
https://financialadvisers.co.uk/financial-planning/ayr/?pl_p=22&pl_m=40,Robert Douglas,I - IFA,No,,,derekdouglaspwm.co.uk
https://financialadvisers.co.uk/financial-planning/ayr/?pl_p=22&pl_m=40,Executive Benefit Services (UK) Limited,-,Yes,11-50,8,ebsuk.com
https://financialadvisers.co.uk/financial-planning/ayr/?pl_p=22&pl_m=40,R.C. McLeish Insurance Consultants Ltd,-,Yes,,,rcmcleish.com
https://financialadvisers.co.uk/financial-planning/ayr/?pl_p=22&pl_m=40,Scotzone Insurance Consultants Limited,-,Yes,,,scotzone.co.uk
https://financialadvisers.co.uk/financial-planning/ayr/?pl_p=22&pl_m=40,Ardmore Financial Planning Limited,-,Yes,11-50,3,ardmorefinancial.co.uk
https://financialadvisers.co.uk/financial-planning/ayr/?pl_p=22&pl_m=40,Adelp Financial Solutions Ltd,-,Yes,,,adelpfs.co.uk
https://financialadvisers.co.uk/financial-planning/ayr/?pl_p=22&pl_m=40,Strathleven Financial Services Ltd,-,Yes,,,strathlevenfinancialservicessites.simplymembersites.co.uk
https://financialadvisers.co.uk/financial-planning/ayr/?pl_p=22&pl_m=40,McKendry Dunion Financial Limited,I - IFA,No,,,mckendrydunion.co.uk
https://financialadvisers.co.uk/financial-planning/ayr/?pl_p=22&pl_m=40,Milecross Financial (Scotland) Ltd,I - IFA,No,51-200,31,milecrossfs.co.uk
https://financialadvisers.co.uk/financial-planning/ayr/?pl_p=22&pl_m=40,TSH (Financial Services) Ltd,,,,,
https://financialadvisers.co.uk/financial-planning/ayr/?pl_p=22&pl_m=40,Carrick Stuart & Co (Financial Consultants) Ltd,I - IFA,No,,,villageestatesfc.co.uk
https://financialadvisers.co.uk/financial-planning/ayr/?pl_p=22&pl_m=40,Mcpherson Wealth LTD,I - IFA,No,"5,001-10,000",2710,mandgwealth.com/mcphersonwealth
https://financialadvisers.co.uk/financial-planning/ayr/?pl_p=23&pl_m=40,Aveton Gifford Associates Limited,I - IFA,No,,,avetongiffordassociates.com
https://financialadvisers.co.uk/financial-planning/ayr/?pl_p=23&pl_m=40,Wealthcare Independent Financial Planning Ltd,-,Yes,,,wealthcareifp.co.uk
https://financialadvisers.co.uk/financial-planning/ayr/?pl_p=23&pl_m=40,Patrick Kane,I - IFA,No,"1,001-5,000",3514,partnership.sjp.co.uk/partner/patkanewm
https://financialadvisers.co.uk/financial-planning/ayr/?pl_p=23&pl_m=40,D&M Financial Ltd,I - IFA,No,,,dmfinancialltd.com
https://financialadvisers.co.uk/financial-planning/ayr/?pl_p=23&pl_m=40,Affinity Financial Planning Ltd,I - IFA,No,11-50,1,affinityfp.com
https://financialadvisers.co.uk/financial-planning/ayr/?pl_p=23&pl_m=40,Bird Stewart Financial Services Limited,I - IFA,No,11-50,3,birdstewart.co.uk
https://financialadvisers.co.uk/financial-planning/ayr/?pl_p=23&pl_m=40,R & G FINANCIAL SERVICES LTD,I - IFA,No,1-10,12,randgfinancial.co.uk
https://financialadvisers.co.uk/financial-planning/ayr/?pl_p=23&pl_m=40,Lomond Financial Management Limited,-,Yes,,1,lomondfinancial.com
https://financialadvisers.co.uk/financial-planning/ayr/?pl_p=23&pl_m=40,Advantage Wealth Management Ltd,-,Yes,2-10,1,advantagewealthmanagement.co.uk
https://financialadvisers.co.uk/financial-planning/ayr/?pl_p=23&pl_m=40,DG Financial Ltd,I - IFA,No,,,dmgfinancial.co.uk
https://financialadvisers.co.uk/financial-planning/ayr/?pl_p=23&pl_m=40,Thomson Ferrie LLP,I - IFA,No,1-10,2,thomsonferrie.co.uk
https://financialadvisers.co.uk/financial-planning/ayr/?pl_p=23&pl_m=40,Eleanor Bruce,-,Yes,,,eleanorbrucewealth.co.uk
https://financialadvisers.co.uk/financial-planning/ayr/?pl_p=23&pl_m=40,AKL Financial Management Limited,-,Yes,2-10,,aklfm.co.uk
https://financialadvisers.co.uk/financial-planning/ayr/?pl_p=23&pl_m=40,Argyll & Bute Consultants Limited,-,Yes,,,a-bconsultants.co.uk
https://financialadvisers.co.uk/financial-planning/ayr/?pl_p=23&pl_m=40,Gary Breslin,-,Yes,,,breslinfs.co.uk
https://financialadvisers.co.uk/financial-planning/ayr/?pl_p=24&pl_m=40,Brian McGoldrick Ltd,,,,,
